{
   "cells": [
      {
         "cell_type": "markdown",
         "metadata": {},
         "source": [
            "# Question 1: Décomposition QR par la méthode Householder"
         ]
      },
      {
         "cell_type": "markdown",
         "metadata": {},
         "source": [
            "### a. Démontrez que les matrices de réflexion $\\mathbf{Q_i}$ sont orthogonales\n",
            "\n",
            "Nous devons démontrer que les matrices $\\mathbf{Q_i}$ sont orthogonales, c'est-à-dire que $\\mathbf{Q_i}^T \\mathbf{Q_i} = \\mathbf{I}$.\n",
            "\n",
            "La matrice $\\mathbf{Q_i}$ est définie comme :\n",
            "$$\\mathbf{Q_i} = \\begin{pmatrix} \\mathbf{I_i} & 0 \\\\ 0 & \\mathbf{H_{m,i}} \\end{pmatrix}$$\n",
            "où $\\mathbf{I_i}$ est la matrice identité de dimension $i \\times i$ et $\\mathbf{H_{m,i}}$ est la matrice de réflexion de Householder.\n",
            "\n",
            "Nous devons d'abord montrer que $\\mathbf{H_{m,i}}$ est orthogonale, ce qui signifie que $\\mathbf{H_{m,i}}^T \\mathbf{H_{m,i}} = \\mathbf{I}$. Cette propriété peut être démontrée en utilisant les relations suivantes pour $\\mathbf{H_{m,i}}$ :\n",
            "$$\\mathbf{H_{m,i}} = \\mathbf{I_{m-i}} - 2 \\frac{v_{m,i} v_{m,i}^T}{v_{m,i}^T v_{m,i}}$$\n",
            "où $v_{m,i}$ est un vecteur dépendant de la matrice $A$. En développant le produit $\\mathbf{H_{m,i}}^T \\mathbf{H_{m,i}}$, on peut vérifier qu'il donne la matrice identité.\n",
            "\n",
            "Ensuite, pour $\\mathbf{Q_i}$, nous avons :\n",
            "$$\\mathbf{Q_i^T Q_i} = \\begin{pmatrix} \\mathbf{I_i^T} & 0 \\\\ 0 & \\mathbf{H_{m,i}^T} \\end{pmatrix} \\begin{pmatrix} \\mathbf{I_i} & 0 \\\\ 0 & \\mathbf{H_{m,i}} \\end{pmatrix} = \\begin{pmatrix} \\mathbf{I_i} & 0 \\\\ 0 & \\mathbf{I_{m-i}} \\end{pmatrix} = \\mathbf{I}$$\n",
            "Ce qui montre que $\\mathbf{Q_i}$ est orthogonale."
         ]
      },
      {
         "cell_type": "markdown",
         "metadata": {},
         "source": [
            "### b. Démontrez $\\mathbf{Q} = \\mathbf{Q}_0^T \\mathbf{Q}_1^T \\dots \\mathbf{Q}_{n-2}^T \\mathbf{Q}_{n-1}^{T}$ et que la matrice $\\mathbf{Q}$ est orthogonale\n",
            "\n",
            "La matrice $\\mathbf{Q}$ dans la décomposition QR par la méthode de Householder est définie comme le produit des matrices $\\mathbf{Q_i}$ :\n",
            "$$\\mathbf{Q} = \\mathbf{Q_0^T Q_1^T \\dots Q_{n-2}^T Q_{n-1}^T}$$\n",
            "Puisque chaque matrice $\\mathbf{Q_i}$ est orthogonale (comme démontré dans la section a), le produit des matrices orthogonales reste orthogonal. Ainsi, la matrice $\\mathbf{Q}$ est également orthogonale.\n",
            "En effet, pour toutes matrices orthogonales $\\mathbf{A}$ et $\\mathbf{B}$, on a : $\\mathbf{A^T A = I}$ et $\\mathbf{B^T B = I}$, donc $\\mathbf{(A B)^T (A B) = I}$."
         ]
      },
      {
         "cell_type": "markdown",
         "metadata": {},
         "source": [
            "### c. Implémentez la fonction *householder_qr* qui prend en argument une matrice A et qui retourne les matrices $\\mathbf{Q}$ et $\\mathbf{R}$ obtenues par la méthode de Householder."
         ]
      },
      {
         "cell_type": "code",
         "execution_count": 1,
         "metadata": {},
         "outputs": [],
         "source": [
            "import numpy as np\n",
            "\n",
            "def householder_qr(A):\n",
            "    \"\"\"\n",
            "    Effectue la décomposition QR d'une matrice A par la méthode de Householder.\n",
            "    \n",
            "    Paramètres:\n",
            "    A (numpy.ndarray): Matrice d'entrée (m x n).\n",
            "    \n",
            "    Retourne:\n",
            "    Q (numpy.ndarray): Matrice orthogonale (m x n).\n",
            "    R (numpy.ndarray): Matrice triangulaire supérieure (n x n).\n",
            "    \"\"\"\n",
            "    # Dimensions de la matrice A\n",
            "    m, n = A.shape\n",
            "    \n",
            "    # Initialisation de Q comme la matrice identité de taille m x m\n",
            "    Q = np.eye(m)\n",
            "    \n",
            "    # Processus de décomposition\n",
            "    for i in range(n):\n",
            "        # Extraire le vecteur à partir de la i-ième colonne d'A\n",
            "        x = A[i:m, i]\n",
            "        \n",
            "        # Calcul du vecteur v pour la réflexion de Householder\n",
            "        e1 = np.zeros_like(x)\n",
            "        e1[0] = 1\n",
            "        alpha = np.sign(x[0]) * np.linalg.norm(x)\n",
            "        v = x + alpha * e1\n",
            "        v = v / np.linalg.norm(v)  # Normaliser le vecteur v\n",
            "        \n",
            "        # Appliquer la réflexion à A (notez que nous appliquons H à partir de la sous-matrice d'A)\n",
            "        A[i:m, i:n] = A[i:m, i:n] - 2 * np.outer(v, np.dot(v.T, A[i:m, i:n]))\n",
            "        \n",
            "        # Mettre à jour la matrice Q\n",
            "        Q[i:m, i:m] = Q[i:m, i:m] - 2 * np.outer(v, np.dot(v.T, Q[i:m, i:m]))\n",
            "        \n",
            "        # Affichage de l'état après chaque itération\n",
            "        print(f\"\\nAprès itération {i+1}:\")\n",
            "        print(\"Matrice Q mise à jour:\")\n",
            "        print(Q)\n",
            "        print(\"Matrice A après réflexion:\")\n",
            "        print(A)\n",
            "\n",
            "    # R est la matrice triangulaire supérieure qui reste dans A\n",
            "    R = A[:n, :]\n",
            "    \n",
            "    # Nous ajustons Q pour être de taille m x n, pas m x m\n",
            "    Q = Q[:, :n]\n",
            "    \n",
            "    return Q, R"
         ]
      },
      {
         "cell_type": "markdown",
         "metadata": {},
         "source": [
            "Puisqu'on manipule plusieurs vecteurs, il y a des erreurs numériques qui s'additionnent et qui finissent par induire une différence dans le résultat."
         ]
      },
      {
         "cell_type": "markdown",
         "metadata": {},
         "source": [
            "### d. À l’aide d’une matrice de dimension 4 × 3 de votre choix, testez votre fonction householder_qr et comparez les résultats obtenus avec ceux obtenus à l’aide de la fonction *numpy.linalg.qr*. Les matrices sont-elles exactement les mêmes ? Si non, est-ce un problème ?"
         ]
      },
      {
         "cell_type": "code",
         "execution_count": null,
         "metadata": {},
         "outputs": [
            {
               "name": "stdout",
               "output_type": "stream",
               "text": [
                  "\n",
                  "Après itération 1:\n",
                  "Matrice Q mise à jour:\n",
                  "[[-0.29542458 -0.37956    -0.26673817 -0.8351702 ]\n",
                  " [-0.37956     0.88878874 -0.07815441 -0.24470526]\n",
                  " [-0.26673817 -0.07815441  0.9450765  -0.17196815]\n",
                  " [-0.8351702  -0.24470526 -0.17196815  0.46155934]]\n",
                  "Matrice A après réflexion:\n",
                  "[[-1.02136925e+00 -1.18764976e+00 -1.09165150e+00]\n",
                  " [ 5.55111512e-17  1.38212191e-01  7.51635698e-02]\n",
                  " [ 5.55111512e-17  2.44931299e-01  1.56304534e-01]\n",
                  " [ 1.11022302e-16 -8.80775897e-01 -3.22016335e-01]]\n",
                  "\n",
                  "Après itération 2:\n",
                  "Matrice Q mise à jour:\n",
                  "[[-0.29542458 -0.37956    -0.26673817 -0.8351702 ]\n",
                  " [-0.37956    -0.3452673  -0.40249597  0.52182461]\n",
                  " [-0.26673817 -0.36255348  0.87032913  0.0046854 ]\n",
                  " [-0.8351702   0.77799722  0.09682428 -0.17368895]]\n",
                  "Matrice A après réflexion:\n",
                  "[[-1.02136925e+00 -1.18764976e+00 -1.09165150e+00]\n",
                  " [ 5.55111512e-17 -9.24586465e-01 -3.59400265e-01]\n",
                  " [ 5.55111512e-17  5.55111512e-17  5.61554755e-02]\n",
                  " [ 1.11022302e-16 -1.11022302e-16  3.81208829e-02]]\n",
                  "\n",
                  "Après itération 3:\n",
                  "Matrice Q mise à jour:\n",
                  "[[-0.29542458 -0.37956    -0.26673817 -0.8351702 ]\n",
                  " [-0.37956    -0.3452673  -0.40249597  0.52182461]\n",
                  " [-0.26673817 -0.36255348 -0.77446661  0.09367698]\n",
                  " [-0.8351702   0.77799722 -0.40871654 -0.1463367 ]]\n",
                  "Matrice A après réflexion:\n",
                  "[[-1.02136925e+00 -1.18764976e+00 -1.09165150e+00]\n",
                  " [ 5.55111512e-17 -9.24586465e-01 -3.59400265e-01]\n",
                  " [ 5.55111512e-17  5.55111512e-17 -6.78722266e-02]\n",
                  " [ 1.11022302e-16 -1.11022302e-16 -6.93889390e-18]]\n",
                  "\n",
                  "Matrice A:\n",
                  "[[-1.02136925e+00 -1.18764976e+00 -1.09165150e+00]\n",
                  " [ 5.55111512e-17 -9.24586465e-01 -3.59400265e-01]\n",
                  " [ 5.55111512e-17  5.55111512e-17 -6.78722266e-02]\n",
                  " [ 1.11022302e-16 -1.11022302e-16 -6.93889390e-18]]\n",
                  "\n",
                  "Matrice Q (Householder):\n",
                  "[[-0.29542458 -0.37956    -0.26673817]\n",
                  " [-0.37956    -0.3452673  -0.40249597]\n",
                  " [-0.26673817 -0.36255348 -0.77446661]\n",
                  " [-0.8351702   0.77799722 -0.40871654]]\n",
                  "\n",
                  "Matrice R (Householder):\n",
                  "[[-1.02136925e+00 -1.18764976e+00 -1.09165150e+00]\n",
                  " [ 5.55111512e-17 -9.24586465e-01 -3.59400265e-01]\n",
                  " [ 5.55111512e-17  5.55111512e-17 -6.78722266e-02]]\n",
                  "\n",
                  "Différence A - QR (Householder):\n",
                  "[[1.32310683 1.88944674 1.56867027]\n",
                  " [0.38767092 1.69460028 0.92515497]\n",
                  " [0.27243816 0.65200356 0.54192394]\n",
                  " [0.85301716 0.27256399 0.6598429 ]]\n",
                  "\n",
                  "Vérification A = QR (Householder):\n",
                  "False\n",
                  "\n",
                  "Matrice Q (numpy.linalg.qr):\n",
                  "[[-1.00000000e+00 -5.43497381e-17 -5.43497381e-17]\n",
                  " [ 5.43497381e-17 -1.00000000e+00  9.77442628e-18]\n",
                  " [ 5.43497381e-17 -9.77442628e-18 -1.00000000e+00]\n",
                  " [ 1.08699476e-16 -2.59704439e-16 -4.75349016e-16]]\n",
                  "\n",
                  "Matrice R (numpy.linalg.qr):\n",
                  "[[1.02136925 1.18764976 1.0916515 ]\n",
                  " [0.         0.92458647 0.35940026]\n",
                  " [0.         0.         0.06787223]]\n",
                  "\n",
                  "Vérification A = QR (numpy.linalg.qr):\n",
                  "True\n"
               ]
            }
         ],
         "source": [
            "A = np.random.rand(4, 3)  # Exemple de matrice 4x3\n",
            "Q, R = householder_qr(A)\n",
            "#ça marche pas avec householder\n",
            "\n",
            "# Comparaison avec la décomposition QR de numpy\n",
            "Q_np, R_np = np.linalg.qr(A)\n",
            "\n",
            "# Affichage des résultats\n",
            "print(\"\\nMatrice A:\")\n",
            "print(A)\n",
            "print(\"\\nMatrice Q (Householder):\")\n",
            "print(Q)\n",
            "print(\"\\nMatrice R (Householder):\")\n",
            "print(R)\n",
            "\n",
            "# Affichage de la différence entre A et QR\n",
            "difference = np.dot(Q, R) - A\n",
            "print(\"\\nDifférence A - QR (Householder):\")\n",
            "print(difference)\n",
            "\n",
            "# Vérification A = QR avec une tolérance plus stricte\n",
            "print(\"\\nVérification A = QR (Householder):\")\n",
            "print(np.allclose(np.dot(Q, R), A, atol=1e-8))  # Augmenter la tolérance (atol)\n",
            "\n",
            "# Affichage des résultats numpy\n",
            "print(\"\\nMatrice Q (numpy.linalg.qr):\")\n",
            "print(Q_np)\n",
            "print(\"\\nMatrice R (numpy.linalg.qr):\")\n",
            "print(R_np)\n",
            "\n",
            "# Comparaison avec numpy.linalg.qr\n",
            "print(\"\\nVérification A = QR (numpy.linalg.qr):\")\n",
            "print(np.allclose(np.dot(Q_np, R_np), A, atol=1e-8))  # Vérification de la méthode numpy"
         ]
      },
      {
         "cell_type": "markdown",
         "metadata": {},
         "source": [
            "### e. À l’aide de la matrice utilisée en $\\mathbf{d}$, illustrez comment la multiplication successive des matrices $\\mathbf{Q_i}$ triangularise progressivement la matrice $\\mathbf{A}$. Dans l’élan, assurez-vous que les matrices $\\mathbf{Q}$ et $\\mathbf{R}$ obtenues sont bien orthogonale et triangulaire supérieure, respectivement.\n"
         ]
      },
      {
         "cell_type": "markdown",
         "metadata": {},
         "source": [
            "# Question 2 : Mesures imprécises dans un jeu de bataille navale"
         ]
      },
      {
         "cell_type": "markdown",
         "metadata": {},
         "source": [
            "### a. Modifiez votre code de décomposition QR pour qu’il retourne la décomposition QR réduite de la matrice d’entrée lorsque l’argument additionnel *reduite=True* lui est passé.\n"
         ]
      },
      {
         "cell_type": "code",
         "execution_count": 1,
         "metadata": {},
         "outputs": [
            {
               "name": "stdout",
               "output_type": "stream",
               "text": [
                  "\n",
                  "Après itération 1:\n",
                  "Matrice Q mise à jour:\n",
                  "[[-0.48942516 -0.41941233 -0.53098908 -0.55009718]\n",
                  " [-0.41941233  0.88189624 -0.14952303 -0.15490375]\n",
                  " [-0.53098908 -0.14952303  0.81069918 -0.19611297]\n",
                  " [-0.55009718 -0.15490375 -0.19611297  0.79682973]]\n",
                  "Matrice R après réflexion:\n",
                  "[[-1.15922059e+00 -7.23678127e-01 -1.18115560e+00]\n",
                  " [ 1.11022302e-16  6.03508437e-01 -3.41040704e-01]\n",
                  " [ 2.22044605e-16 -2.43267231e-01  2.05691272e-01]\n",
                  " [ 1.11022302e-16  2.42405887e-01  2.22465024e-01]]\n",
                  "\n",
                  "Après itération 2:\n",
                  "Matrice Q mise à jour:\n",
                  "[[-0.48942516  0.37053754 -0.67905195 -0.40255856]\n",
                  " [-0.41941233 -0.7647933   0.15912134 -0.46245529]\n",
                  " [-0.53098908  0.48243678  0.6922489  -0.07808209]\n",
                  " [-0.55009718 -0.21224488 -0.18536534  0.78612015]]\n",
                  "Matrice R après réflexion:\n",
                  "[[-1.15922059e+00 -7.23678127e-01 -1.18115560e+00]\n",
                  " [ 1.11022302e-16 -6.94378855e-01  2.90809629e-01]\n",
                  " [ 2.22044605e-16  2.77555756e-17  8.72615117e-02]\n",
                  " [ 1.11022302e-16 -5.55111512e-17  3.40475456e-01]]\n",
                  "\n",
                  "Après itération 3:\n",
                  "Matrice Q mise à jour:\n",
                  "[[-0.48942516  0.37053754  0.55854238  0.55784886]\n",
                  " [-0.41941233 -0.7647933   0.40847148 -0.26895268]\n",
                  " [-0.53098908  0.48243678 -0.09622642 -0.68996075]\n",
                  " [-0.55009718 -0.21224488 -0.7154872   0.37473092]]\n",
                  "Matrice R après réflexion:\n",
                  "[[-1.15922059e+00 -7.23678127e-01 -1.18115560e+00]\n",
                  " [ 1.11022302e-16 -6.94378855e-01  2.90809629e-01]\n",
                  " [ 2.22044605e-16  2.77555756e-17 -3.51479882e-01]\n",
                  " [ 1.11022302e-16 -5.55111512e-17  5.55111512e-17]]\n",
                  "\n",
                  "Décomposition QR réduite (Householder):\n",
                  "Matrice Q réduite:\n",
                  "[[-0.48942516  0.37053754  0.55854238]\n",
                  " [-0.41941233 -0.7647933   0.40847148]\n",
                  " [-0.53098908  0.48243678 -0.09622642]\n",
                  " [-0.55009718 -0.21224488 -0.7154872 ]]\n",
                  "Matrice R réduite:\n",
                  "[[-1.15922059 -0.72367813 -1.1811556 ]\n",
                  " [ 0.         -0.69437885  0.29080963]\n",
                  " [ 0.          0.         -0.35147988]]\n",
                  "\n",
                  "Après itération 1:\n",
                  "Matrice Q mise à jour:\n",
                  "[[-0.48942516 -0.41941233 -0.53098908 -0.55009718]\n",
                  " [-0.41941233  0.88189624 -0.14952303 -0.15490375]\n",
                  " [-0.53098908 -0.14952303  0.81069918 -0.19611297]\n",
                  " [-0.55009718 -0.15490375 -0.19611297  0.79682973]]\n",
                  "Matrice R après réflexion:\n",
                  "[[-1.15922059e+00 -7.23678127e-01 -1.18115560e+00]\n",
                  " [ 1.11022302e-16  6.03508437e-01 -3.41040704e-01]\n",
                  " [ 2.22044605e-16 -2.43267231e-01  2.05691272e-01]\n",
                  " [ 1.11022302e-16  2.42405887e-01  2.22465024e-01]]\n",
                  "\n",
                  "Après itération 2:\n",
                  "Matrice Q mise à jour:\n",
                  "[[-0.48942516  0.37053754 -0.67905195 -0.40255856]\n",
                  " [-0.41941233 -0.7647933   0.15912134 -0.46245529]\n",
                  " [-0.53098908  0.48243678  0.6922489  -0.07808209]\n",
                  " [-0.55009718 -0.21224488 -0.18536534  0.78612015]]\n",
                  "Matrice R après réflexion:\n",
                  "[[-1.15922059e+00 -7.23678127e-01 -1.18115560e+00]\n",
                  " [ 1.11022302e-16 -6.94378855e-01  2.90809629e-01]\n",
                  " [ 2.22044605e-16  2.77555756e-17  8.72615117e-02]\n",
                  " [ 1.11022302e-16 -5.55111512e-17  3.40475456e-01]]\n",
                  "\n",
                  "Après itération 3:\n",
                  "Matrice Q mise à jour:\n",
                  "[[-0.48942516  0.37053754  0.55854238  0.55784886]\n",
                  " [-0.41941233 -0.7647933   0.40847148 -0.26895268]\n",
                  " [-0.53098908  0.48243678 -0.09622642 -0.68996075]\n",
                  " [-0.55009718 -0.21224488 -0.7154872   0.37473092]]\n",
                  "Matrice R après réflexion:\n",
                  "[[-1.15922059e+00 -7.23678127e-01 -1.18115560e+00]\n",
                  " [ 1.11022302e-16 -6.94378855e-01  2.90809629e-01]\n",
                  " [ 2.22044605e-16  2.77555756e-17 -3.51479882e-01]\n",
                  " [ 1.11022302e-16 -5.55111512e-17  5.55111512e-17]]\n",
                  "\n",
                  "Décomposition QR complète (Householder):\n",
                  "Matrice Q complète:\n",
                  "[[-0.48942516  0.37053754  0.55854238  0.55784886]\n",
                  " [-0.41941233 -0.7647933   0.40847148 -0.26895268]\n",
                  " [-0.53098908  0.48243678 -0.09622642 -0.68996075]\n",
                  " [-0.55009718 -0.21224488 -0.7154872   0.37473092]]\n",
                  "Matrice R complète:\n",
                  "[[-1.15922059 -0.72367813 -1.1811556 ]\n",
                  " [ 0.         -0.69437885  0.29080963]\n",
                  " [ 0.          0.         -0.35147988]\n",
                  " [ 0.          0.          0.        ]]\n",
                  "\n",
                  "Décomposition QR (numpy.linalg.qr):\n",
                  "Matrice Q numpy:\n",
                  "[[-0.48942516  0.37053754  0.55854238]\n",
                  " [-0.41941233 -0.7647933   0.40847148]\n",
                  " [-0.53098908  0.48243678 -0.09622642]\n",
                  " [-0.55009718 -0.21224488 -0.7154872 ]]\n",
                  "Matrice R numpy:\n",
                  "[[-1.15922059 -0.72367813 -1.1811556 ]\n",
                  " [ 0.         -0.69437885  0.29080963]\n",
                  " [ 0.          0.         -0.35147988]]\n",
                  "\n",
                  "Vérification A = QR (Householder réduite):\n",
                  "True\n",
                  "\n",
                  "Vérification A = QR (Householder complète):\n",
                  "True\n",
                  "\n",
                  "Vérification A = QR (numpy.linalg.qr):\n",
                  "True\n",
                  "\n",
                  "Après itération 1:\n",
                  "Matrice Q mise à jour:\n",
                  "[[-0.10340723 -0.29145353 -0.49503853 -0.81197207]\n",
                  " [-0.29145353  0.92301559 -0.13075927 -0.21447397]\n",
                  " [-0.49503853 -0.13075927  0.77790327 -0.36428749]\n",
                  " [-0.81197207 -0.21447397 -0.36428749  0.40248838]]\n",
                  "Matrice R après réflexion:\n",
                  "[[-1.11182160e+00 -8.99206608e-01 -8.05521913e-01]\n",
                  " [ 0.00000000e+00  6.61044284e-01  5.08196458e-01]\n",
                  " [ 0.00000000e+00 -1.90354014e-01 -3.77924067e-02]\n",
                  " [ 1.11022302e-16 -3.64321805e-01 -7.89049309e-01]]\n",
                  "\n",
                  "Après itération 2:\n",
                  "Matrice Q mise à jour:\n",
                  "[[-0.10340723 -0.25357377 -0.50004771 -0.82155923]\n",
                  " [-0.29145353 -0.91618692  0.11245517  0.25101832]\n",
                  " [-0.49503853  0.13077288  0.7433185  -0.43047988]\n",
                  " [-0.81197207  0.28142552 -0.42986478  0.27697888]]\n",
                  "Matrice R après réflexion:\n",
                  "[[-1.11182160e+00 -8.99206608e-01 -8.05521913e-01]\n",
                  " [ 0.00000000e+00 -7.78424417e-01 -8.10100704e-01]\n",
                  " [ 0.00000000e+00 -2.77555756e-17  1.36537995e-01]\n",
                  " [ 1.11022302e-16 -5.55111512e-17 -4.55395370e-01]]\n",
                  "\n",
                  "Après itération 3:\n",
                  "Matrice Q mise à jour:\n",
                  "[[-0.10340723 -0.25357377 -0.6433395  -0.71492767]\n",
                  " [-0.29145353 -0.91618692  0.2081474   0.1798083 ]\n",
                  " [-0.49503853  0.13077288 -0.62582039  0.58837416]\n",
                  " [-0.81197207  0.28142552  0.38876444 -0.33220964]]\n",
                  "Matrice R après réflexion:\n",
                  "[[-1.11182160e+00 -8.99206608e-01 -8.05521913e-01]\n",
                  " [ 0.00000000e+00 -7.78424417e-01 -8.10100704e-01]\n",
                  " [ 0.00000000e+00 -2.77555756e-17 -4.75423566e-01]\n",
                  " [ 1.11022302e-16 -5.55111512e-17  1.11022302e-16]]\n",
                  "[[-0.10340723 -0.25357377 -0.6433395 ]\n",
                  " [-0.29145353 -0.91618692  0.2081474 ]\n",
                  " [-0.49503853  0.13077288 -0.62582039]\n",
                  " [-0.81197207  0.28142552  0.38876444]] [[-1.1118216  -0.89920661 -0.80552191]\n",
                  " [ 0.         -0.77842442 -0.8101007 ]\n",
                  " [ 0.          0.         -0.47542357]]\n"
               ]
            }
         ],
         "source": [
            "import numpy as np\n",
            "\n",
            "def householder_qr(A, reduit=True):\n",
            "    \"\"\"\n",
            "    Effectue la décomposition QR d'une matrice A par la méthode de Householder.\n",
            "\n",
            "    Paramètres:\n",
            "    A (numpy.ndarray): Matrice d'entrée (m x n).\n",
            "    reduit (bool): Retourne la décomposition réduite si True, complète si False.\n",
            "\n",
            "    Retourne:\n",
            "    Q (numpy.ndarray): Matrice orthogonale.\n",
            "    R (numpy.ndarray): Matrice triangulaire supérieure.\n",
            "    \"\"\"\n",
            "    # Dimensions de la matrice A\n",
            "    m, n = A.shape\n",
            "    \n",
            "    # Initialisation de Q comme matrice identité (m x m)\n",
            "    Q = np.eye(m)\n",
            "    R = A.copy()\n",
            "\n",
            "    # Processus de décomposition\n",
            "    for i in range(min(m, n)):\n",
            "        # Extraire le vecteur à partir de la i-ième colonne de R\n",
            "        x = R[i:m, i]\n",
            "\n",
            "        # Calcul du vecteur v pour la réflexion de Householder\n",
            "        e1 = np.zeros_like(x)\n",
            "        e1[0] = 1\n",
            "        alpha = np.sign(x[0]) * np.linalg.norm(x)\n",
            "        v = x + alpha * e1\n",
            "        v /= np.linalg.norm(v)\n",
            "\n",
            "        # Application de la réflexion de Householder à R\n",
            "        R[i:m, i:n] -= 2 * np.outer(v, v @ R[i:m, i:n])\n",
            "\n",
            "        # Mise à jour de Q\n",
            "        Q[:, i:m] -= 2 * np.outer(Q[:, i:m] @ v, v)\n",
            "\n",
            "        # Affichage de l'état après chaque itération\n",
            "        print(f\"\\nAprès itération {i+1}:\")\n",
            "        print(\"Matrice Q mise à jour:\")\n",
            "        print(Q)\n",
            "        print(\"Matrice R après réflexion:\")\n",
            "        print(R)\n",
            "\n",
            "    # Retourne la décomposition réduite ou complète selon l'argument 'reduit'\n",
            "    if reduit:\n",
            "        return Q[:, :n], np.triu(R[:n, :])\n",
            "    else:\n",
            "        return Q, np.triu(R)\n",
            "\n",
            "# Test de la fonction avec une matrice aléatoire\n",
            "A = np.random.rand(4, 3)\n",
            "\n",
            "# Décomposition réduite (par défaut)\n",
            "Q_reduit, R_reduit = householder_qr(A, reduit=True)\n",
            "\n",
            "print(\"\\nDécomposition QR réduite (Householder):\")\n",
            "print(\"Matrice Q réduite:\")\n",
            "print(Q_reduit)\n",
            "print(\"Matrice R réduite:\")\n",
            "print(R_reduit)\n",
            "\n",
            "# Décomposition complète\n",
            "Q_complet, R_complet = householder_qr(A, reduit=False)\n",
            "\n",
            "print(\"\\nDécomposition QR complète (Householder):\")\n",
            "print(\"Matrice Q complète:\")\n",
            "print(Q_complet)\n",
            "print(\"Matrice R complète:\")\n",
            "print(R_complet)\n",
            "\n",
            "# Vérification avec numpy.linalg.qr (pour comparaison)\n",
            "Q_np, R_np = np.linalg.qr(A)\n",
            "\n",
            "print(\"\\nDécomposition QR (numpy.linalg.qr):\")\n",
            "print(\"Matrice Q numpy:\")\n",
            "print(Q_np)\n",
            "print(\"Matrice R numpy:\")\n",
            "print(R_np)\n",
            "\n",
            "# Vérification des résultats (réduite)\n",
            "print(\"\\nVérification A = QR (Householder réduite):\")\n",
            "print(np.allclose(Q_reduit @ R_reduit, A, atol=1e-8))\n",
            "\n",
            "# Vérification des résultats (complète)\n",
            "print(\"\\nVérification A = QR (Householder complète):\")\n",
            "print(np.allclose(Q_complet @ R_complet, A, atol=1e-8))\n",
            "\n",
            "# Vérification des résultats numpy\n",
            "print(\"\\nVérification A = QR (numpy.linalg.qr):\")\n",
            "print(np.allclose(Q_np @ R_np, A, atol=1e-8))\n",
            "\n",
            "# Exemple d'utilisation:\n",
            "# Q, R = householder_qr(A, reduit=True)\n",
            "A = np.random.rand(4, 3)\n",
            "Q, R = householder_qr(A, reduit=True)\n",
            "print(Q,R)"
         ]
      },
      {
         "cell_type": "markdown",
         "metadata": {},
         "source": [
            "### b. Utilisez votre code pour résoudre approximativement l’équation suivante avec les données de bataille_navale_equipe015.csv."
         ]
      },
      {
         "cell_type": "markdown",
         "metadata": {},
         "source": [
            "$$\\underbrace{\\left[\\begin{array}{ccc}\n",
            "1 & x_1 & x_1^2 \\\\\n",
            "1 & x_2 & x_2^2 \\\\\n",
            "\\vdots & \\vdots & \\vdots \\\\\n",
            "1 & x_n & x_n^2\n",
            "\\end{array}\\right]}_{\\mathbf{X}}\\left[\\begin{array}{l}\n",
            "\\alpha_0 \\\\\n",
            "\\alpha_1 \\\\\n",
            "\\alpha_2\n",
            "\\end{array}\\right]=\\underbrace{\\left[\\begin{array}{c}\n",
            "y_1 \\\\\n",
            "y_2 \\\\\n",
            "\\vdots \\\\\n",
            "y_n\n",
            "\\end{array}\\right]}_{\\mathbf{Y}}$$"
         ]
      },
      {
         "cell_type": "code",
         "execution_count": 2,
         "metadata": {},
         "outputs": [],
         "source": [
            "import numpy as np\n",
            "\n",
            "def householder_qr(A, reduit=True):\n",
            "    \"\"\"\n",
            "    Effectue la décomposition QR d'une matrice A par la méthode de Householder.\n",
            "\n",
            "    Paramètres:\n",
            "    A (numpy.ndarray): Matrice d'entrée (m x n).\n",
            "    reduit (bool): Retourne la décomposition réduite si True, complète si False.\n",
            "\n",
            "    Retourne:\n",
            "    Q (numpy.ndarray): Matrice orthogonale.\n",
            "    R (numpy.ndarray): Matrice triangulaire supérieure.\n",
            "    \"\"\"\n",
            "    # Dimensions de la matrice A\n",
            "    m, n = A.shape\n",
            "    \n",
            "    # Initialisation de Q comme matrice identité (m x m)\n",
            "    Q = np.eye(m)\n",
            "    R = A.copy()\n",
            "\n",
            "    # Processus de décomposition\n",
            "    for i in range(min(m, n)):\n",
            "        # Extraire le vecteur à partir de la i-ième colonne de R\n",
            "        x = R[i:m, i]\n",
            "\n",
            "        # Calcul du vecteur v pour la réflexion de Householder\n",
            "        e1 = np.zeros_like(x)\n",
            "        e1[0] = 1\n",
            "        alpha = np.sign(x[0]) * np.linalg.norm(x)\n",
            "        v = x + alpha * e1\n",
            "        v /= np.linalg.norm(v)\n",
            "\n",
            "        # Application de la réflexion de Householder à R\n",
            "        R[i:m, i:n] -= 2 * np.outer(v, v @ R[i:m, i:n])\n",
            "\n",
            "        # Mise à jour de Q\n",
            "        Q[:, i:m] -= 2 * np.outer(Q[:, i:m] @ v, v)\n",
            "\n",
            "\n",
            "    # Retourne la décomposition réduite ou complète selon l'argument 'reduit'\n",
            "    if reduit:\n",
            "        return Q[:, :n], np.triu(R[:n, :])\n",
            "    else:\n",
            "        return Q, np.triu(R)"
         ]
      },
      {
         "cell_type": "markdown",
         "metadata": {},
         "source": [
            "On peut ensuite appeler la fonction pour trouver les paramètres estimés à partir de notre fichier de données (équipe 15). On obtient une valeur négative de l'altitude initiale en raison de l'éloignement des données expérimentales de l'origine, qui fait en sorte que l'extrapolation est imprécise."
         ]
      },
      {
         "cell_type": "code",
         "execution_count": 3,
         "metadata": {},
         "outputs": [
            {
               "name": "stdout",
               "output_type": "stream",
               "text": [
                  "Paramètres estimés (résolution de l'équation 3.9) :\n",
                  "y0 (altitude initiale) = -68.3780\n",
                  "v_y0 / v_x0 = 2.2572\n",
                  "a / (2 * v_x0^2) = -0.0008\n"
               ]
            }
         ],
         "source": [
            "import numpy as np\n",
            "\n",
            "\n",
            "# Chargement des données à partir du fichier CSV\n",
            "data = np.loadtxt(r\"bataille_navale_equipe015.csv\", delimiter=\",\", skiprows=1)\n",
            "x = data[:, 0]  # distance horizontale\n",
            "y = data[:, 1]  # altitude\n",
            "\n",
            "# Construction de la matrice X selon l'équation (3.9)\n",
            "X = np.vstack((np.ones_like(x), x, x**2)).T  # colonnes: 1, x, x²\n",
            "\n",
            "# Utilisation de la décomposition QR réduite\n",
            "from numpy.linalg import solve\n",
            "Q, R = householder_qr(X, reduit=True)\n",
            "alpha = solve(R, Q.T @ y)\n",
            "\n",
            "# Résultats des paramètres\n",
            "y0 = alpha[0]\n",
            "vy0_sur_vx0 = alpha[1]\n",
            "a_sur_2vx0_2 = alpha[2]\n",
            "\n",
            "print(\"Paramètres estimés (résolution de l'équation 3.9) :\")\n",
            "print(f\"y0 (altitude initiale) = {y0:.4f}\")\n",
            "print(f\"v_y0 / v_x0 = {vy0_sur_vx0:.4f}\")\n",
            "print(f\"a / (2 * v_x0^2) = {a_sur_2vx0_2:.4f}\")"
         ]
      },
      {
         "cell_type": "markdown",
         "metadata": {},
         "source": [
            "### c. Tracez les données (cercles noirs) et la solution estimée de la trajectoire(ligne pleine de la couleur de votre choix) donnée par l’équation suivante:"
         ]
      },
      {
         "cell_type": "markdown",
         "metadata": {},
         "source": [
            "$$y(x) = \\alpha_0 + \\alpha_1 x + \\alpha_2 x^2$$"
         ]
      },
      {
         "cell_type": "code",
         "execution_count": 4,
         "metadata": {},
         "outputs": [
            {
               "data": {
